18
0   77  34  3   0   50  61  90  4   54  33  107 104 64  14  59  70  57
77  0   113 142 79  100 7   44  0   17  116 144 136 77  93  21  139 81
34  113 0   0   131 95  98  106 149 26  115 32  100 10  67  91  42  53
3   142 142 0   141 0   124 100 74  7   15  37  48  105 31  68  35  58
2   79  131 141 0   42  14  72  141 0   59  116 60  66  13  34  122 64
50  100 95  90  42  0   148 133 145 9   66  0   77  95  119 72  39  53
61  0   98  124 14  148 0   119 76  72  70  129 110 26  74  28  129 35
90  44  106 100 72  133 119 0   14  7   84  90  120 92  79  76  0   77
4   86  149 74  141 145 76  0   0   55  87  89  76  138 23  75  119 111
54  17  26  7   2   9   72  7   55  0   18  83  79  140 6   13  36  0
33  116 115 15  59  66  70  84  87  18  0   141 17  0   5   89  37  126
107 144 32  37  116 30  129 90  89  83  0   0   45  47  1   148 8   48
104 136 100 48  60  77  110 120 76  79  17  45  0   17  0   137 136 50
64  77  10  105 66  95  0   92  138 140 118 47  17  0   69  87  59  69
14  93  0   31  13  119 74  79  23  6   5   1   121 69  0   26  38  127
0   21  91  68  34  72  28  76  75  13  89  148 137 87  26  0   16  146
70  139 42  35  122 39  129 32  119 36  37  8   136 59  38  0   0   62
57  81  53  58  64  53  35  77  111 96  126 48  0   69  127 146 62  0